0 0.2619742990654206 0.04239766081871345 0.055490654205607476 0.07602339181286549
0 0.09813084112149532 0.19846491228070176 0.07593457943925233 0.09137426900584796
0 0.10397196261682243 0.2737573099415205 0.09228971962616822 0.08991228070175439
0 0.259053738317757 0.30957602339181284 0.06600467289719626 0.09868421052631579
0 0.7190420560747663 0.3932748538011696 0.07009345794392523 0.09210526315789473
0 0.9448014018691588 0.9236111111111112 0.06600467289719626 0.08552631578947369
0 0.7169976635514018 0.9375 0.0741822429906542 0.09429824561403509
0 0.18983644859813084 0.8128654970760234 0.06425233644859812 0.09210526315789473
0 0.16092289719626168 0.6567982456140351 0.06600467289719626 0.08991228070175439
0 0.21203271028037382 0.6425438596491229 0.05957943925233645 0.11403508771929824
0 0.09783878504672897 0.5657894736842105 0.08820093457943926 0.10087719298245613
0 0.143107476635514 0.5113304093567251 0.08177570093457943 0.10307017543859649
0 0.3060747663551402 0.5405701754385965 0.05957943925233645 0.09429824561403509
0 0.3878504672897196 0.6154970760233918 0.07593457943925233 0.09210526315789473
0 0.4550233644859813 0.4506578947368421 0.07827102803738317 0.1074561403508772
