0 0.039135514018691586 0.3194444444444444 0.07009345794392523 0.08771929824561403
0 0.06980140186915888 0.24671052631578946 0.08002336448598131 0.08991228070175439
0 0.2619742990654206 0.20431286549707603 0.08002336448598131 0.09429824561403509
0 0.30899532710280375 0.15350877192982457 0.07359813084112149 0.09649122807017543
0 0.3598130841121495 0.1962719298245614 0.07593457943925233 0.09137426900584796
0 0.8230140186915887 0.12097953216374269 0.07359813084112149 0.08114035087719298
0 0.8031542056074766 0.19736842105263158 0.06191588785046729 0.0804093567251462
0 0.865070093457944 0.1783625730994152 0.07359813084112149 0.10526315789473684
0 0.9261098130841121 0.2097953216374269 0.06366822429906542 0.09649122807017543
0 0.7248831775700935 0.46637426900584794 0.07827102803738317 0.0847953216374269
0 0.7981892523364486 0.6290204678362573 0.07184579439252337 0.08698830409356725
0 0.7272196261682243 0.860014619883041 0.09813084112149532 0.11915204678362573
0 0.4328271028037383 0.7945906432748538 0.09813084112149532 0.10526315789473684
0 0.44684579439252337 0.6275584795321637 0.06191588785046729 0.08991228070175439
0 0.29994158878504673 0.6447368421052632 0.07184579439252337 0.09210526315789473
