0 0.09813084112149532 0.1301169590643275 0.056074766355140186 0.0804093567251462
0 0.040011682242990655 0.24561403508771928 0.06016355140186916 0.08333333333333333
0 0.03592289719626168 0.45760233918128657 0.06366822429906542 0.0804093567251462
0 0.15391355140186916 0.47989766081871343 0.06366822429906542 0.08114035087719298
0 0.13405373831775702 0.5884502923976608 0.0683411214953271 0.10526315789473684
0 0.09608644859813084 0.7858187134502924 0.06016355140186916 0.08333333333333333
0 0.10397196261682243 0.9002192982456141 0.06425233644859812 0.08698830409356725
0 0.143107476635514 0.9437134502923976 0.06191588785046729 0.07602339181286549
0 0.35309579439252337 0.8340643274853801 0.0741822429906542 0.10818713450292397
0 0.30315420560747663 0.410453216374269 0.07009345794392523 0.09868421052631579
0 0.4380841121495327 0.4506578947368421 0.06425233644859812 0.08991228070175439
0 0.48014018691588783 0.5705409356725146 0.06775700934579439 0.07821637426900585
0 0.8712032710280374 0.6491228070175439 0.08586448598130841 0.10087719298245613
0 0.6209112149532711 0.6600877192982456 0.07359813084112149 0.08771929824561403
0 0.6358060747663551 0.5873538011695907 0.06016355140186916 0.07675438596491228
0 0.6451518691588785 0.5168128654970761 0.0741822429906542 0.09649122807017543
0 0.6641355140186916 0.40826023391812866 0.06775700934579439 0.08552631578947369
0 0.6428154205607477 0.3260233918128655 0.06600467289719626 0.09210526315789473
0 0.6209112149532711 0.23976608187134502 0.053738317757009345 0.07602339181286549
0 0.5219042056074766 0.2803362573099415 0.07184579439252337 0.08991228070175439
0 0.5070093457943925 0.37353801169590645 0.08644859813084112 0.09649122807017543
0 0.5698014018691588 0.3877923976608187 0.07184579439252337 0.08991228070175439
0 0.5960864485981309 0.3048245614035088 0.08002336448598131 0.0891812865497076
