0 0.1308411214953271 0.8676900584795322 0.06191588785046729 0.0804093567251462
0 0.24620327102803738 0.6600877192982456 0.07184579439252337 0.09210526315789473
0 0.3019859813084112 0.6154970760233918 0.07593457943925233 0.07894736842105263
0 0.4109228971962617 0.6626461988304093 0.0741822429906542 0.08698830409356725
0 0.4068341121495327 0.4327485380116959 0.0741822429906542 0.0804093567251462
0 0.5330023364485982 0.5058479532163743 0.08235981308411215 0.09649122807017543
0 0.5981308411214953 0.4652777777777778 0.06775700934579439 0.07383040935672515
0 0.5408878504672897 0.4192251461988304 0.07827102803738317 0.08114035087719298
0 0.08498831775700935 0.25548245614035087 0.07768691588785047 0.09868421052631579
0 0.1308411214953271 0.29385964912280704 0.06191588785046729 0.07602339181286549
0 0.16501168224299065 0.2309941520467836 0.06950934579439252 0.0891812865497076
