0 0.16501168224299065 0.5873538011695907 0.07768691588785047 0.09868421052631579
0 0.1699766355140187 0.22295321637426901 0.08411214953271028 0.08771929824561403
0 0.1959696261682243 0.29349415204678364 0.07184579439252337 0.09429824561403509
0 0.27686915887850466 0.2913011695906433 0.07009345794392523 0.09429824561403509
0 0.5350467289719626 0.7309941520467836 0.08177570093457943 0.0935672514619883
0 0.6282126168224299 0.9057017543859649 0.08002336448598131 0.0847953216374269
0 0.735981308411215 0.38998538011695905 0.08761682242990654 0.1118421052631579
0 0.8770443925233645 0.47441520467836257 0.0741822429906542 0.08771929824561403
0 0.9228971962616822 0.26133040935672514 0.07827102803738317 0.07821637426900585
0 0.8910630841121495 0.1648391812865497 0.07768691588785047 0.07821637426900585
0 0.8469626168224299 0.12646198830409358 0.07009345794392523 0.09210526315789473
