0 0.125 0.9364035087719298 0.07009345794392523 0.10087719298245613
0 0.18808411214953272 0.37353801169590645 0.06775700934579439 0.08771929824561403
0 0.31600467289719625 0.32858187134502925 0.09228971962616822 0.12353801169590643
0 0.4360397196261682 0.6067251461988304 0.0683411214953271 0.08771929824561403
0 0.5309579439252337 0.38011695906432746 0.07827102803738317 0.11403508771929824
0 0.7301401869158879 0.5683479532163743 0.06425233644859812 0.07383040935672515
0 0.7450350467289719 0.31030701754385964 0.07768691588785047 0.07383040935672515
0 0.7301401869158879 0.23318713450292397 0.09579439252336448 0.0935672514619883
0 0.8419976635514018 0.15460526315789475 0.0683411214953271 0.09868421052631579
0 0.9249415887850467 0.15350877192982457 0.08235981308411215 0.11842105263157894
0 0.9088785046728972 0.9375 0.07827102803738317 0.10307017543859649
