0 0.34375 0.7635233918128655 0.08002336448598131 0.07821637426900585
0 0.254088785046729 0.8724415204678363 0.08411214953271028 0.09868421052631579
0 0.4740070093457944 0.9462719298245614 0.0683411214953271 0.09429824561403509
0 0.6781542056074766 0.8340643274853801 0.07593457943925233 0.0847953216374269
0 0.8592289719626168 0.9294590643274854 0.07009345794392523 0.09137426900584796
0 0.9439252336448598 0.9035087719298246 0.06775700934579439 0.0891812865497076
0 0.6918808411214953 0.6546052631578947 0.07184579439252337 0.08552631578947369
0 0.9310747663551402 0.5614035087719298 0.07359813084112149 0.10526315789473684
0 0.9299065420560748 0.45285087719298245 0.06775700934579439 0.09868421052631579
0 0.7470794392523364 0.40131578947368424 0.07359813084112149 0.10818713450292397
0 0.6857476635514018 0.29349415204678364 0.07593457943925233 0.09868421052631579
0 0.5858644859813084 0.22624269005847952 0.06425233644859812 0.08991228070175439
0 0.38492990654205606 0.05482456140350877 0.07009345794392523 0.08333333333333333
0 0.7970210280373832 0.047149122807017545 0.07768691588785047 0.09429824561403509
0 0.9249415887850467 0.11330409356725146 0.08235981308411215 0.08333333333333333
