0 0.13200934579439252 0.8530701754385965 0.09228971962616822 0.11842105263157894
0 0.1901285046728972 0.8150584795321637 0.09170560747663552 0.11403508771929824
0 0.2199182242990654 0.7478070175438597 0.08002336448598131 0.09649122807017543
0 0.254088785046729 0.6458333333333334 0.06775700934579439 0.08552631578947369
0 0.2199182242990654 0.5716374269005848 0.08002336448598131 0.0891812865497076
0 0.25817757009345793 0.5091374269005848 0.07593457943925233 0.08991228070175439
0 0.27511682242990654 0.1827485380116959 0.06191588785046729 0.07894736842105263
0 0.3820093457943925 0.2679093567251462 0.07593457943925233 0.09137426900584796
0 0.624123831775701 0.6348684210526315 0.07184579439252337 0.09868421052631579
0 0.6030957943925234 0.3877923976608187 0.0741822429906542 0.08552631578947369
0 0.7342289719626168 0.27923976608187134 0.07593457943925233 0.11403508771929824
0 0.633177570093458 0.06505847953216375 0.07009345794392523 0.0847953216374269
0 0.8539719626168224 0.30628654970760233 0.06775700934579439 0.09210526315789473
0 0.8948598130841121 0.3618421052631579 0.07009345794392523 0.09210526315789473
0 0.9509345794392523 0.4407894736842105 0.07827102803738317 0.09210526315789473
