0 0.29205607476635514 0.28691520467836257 0.06775700934579439 0.09868421052631579
0 0.39485981308411217 0.39437134502923976 0.07009345794392523 0.09429824561403509
0 0.4319509345794392 0.44261695906432746 0.08002336448598131 0.07383040935672515
0 0.4030373831775701 0.5032894736842105 0.08644859813084112 0.09137426900584796
0 0.3910630841121495 0.5749269005847953 0.08586448598130841 0.08260233918128655
0 0.370911214953271 0.6414473684210527 0.08177570093457943 0.09868421052631579
0 0.1620911214953271 0.8355263157894737 0.09170560747663552 0.10087719298245613
0 0.513142523364486 0.6089181286549707 0.0741822429906542 0.10526315789473684
0 0.592873831775701 0.6056286549707602 0.07009345794392523 0.09429824561403509
0 0.5519859813084113 0.6750730994152047 0.07242990654205607 0.08991228070175439
0 0.8641939252336449 0.2814327485380117 0.08002336448598131 0.09649122807017543
