0 0.49386682242990654 0.3676900584795322 0.06016355140186916 0.0891812865497076
0 0.5531542056074766 0.339546783625731 0.06191588785046729 0.08260233918128655
0 0.5700934579439252 0.4067982456140351 0.056074766355140186 0.07383040935672515
0 0.782126168224299 0.19846491228070176 0.06425233644859812 0.08698830409356725
0 0.8218457943925234 0.2452485380116959 0.06425233644859812 0.07383040935672515
0 0.8688668224299065 0.5244883040935673 0.0741822429906542 0.08552631578947369
0 0.7380257009345794 0.8216374269005848 0.08002336448598131 0.08771929824561403
0 0.44509345794392524 0.6030701754385965 0.07009345794392523 0.0847953216374269
0 0.3787967289719626 0.9404239766081871 0.06600467289719626 0.07821637426900585
0 0.09988317757009346 0.9565058479532164 0.06775700934579439 0.07821637426900585
