0 0.06016355140186916 0.8421052631578947 0.06775700934579439 0.08333333333333333
0 0.15625 0.6198830409356725 0.08002336448598131 0.11403508771929824
0 0.35514018691588783 0.805921052631579 0.07827102803738317 0.07821637426900585
0 0.365946261682243 0.5482456140350878 0.08002336448598131 0.08333333333333333
0 0.35192757009345793 0.4722222222222222 0.0963785046728972 0.09649122807017543
0 0.4661214953271028 0.39546783625730997 0.06775700934579439 0.09649122807017543
0 0.5441004672897196 0.3881578947368421 0.08002336448598131 0.12573099415204678
0 0.7050233644859814 0.3574561403508772 0.07009345794392523 0.10087719298245613
0 0.7850467289719626 0.3680555555555556 0.07009345794392523 0.09868421052631579
0 0.7710280373831776 0.4594298245614035 0.08177570093457943 0.09429824561403509
0 0.9258177570093458 0.6659356725146199 0.08411214953271028 0.0935672514619883
0 0.7380257009345794 0.8263888888888888 0.06016355140186916 0.08260233918128655
0 0.9191004672897196 0.8845029239766082 0.08586448598130841 0.10087719298245613
